2989792432, 986.340332
2990794097, 986.326904
2991795323, 986.273682
2992796548, 986.357666
2993797761, 986.385254
2994798905, 986.306396
2995800063, 986.337402
2996801252, 986.393066
2997802491, 986.312012
2998803696, 986.326172
2999804877, 986.260498
3000806128, 986.384277
3001807380, 986.308594
3002808596, 986.298584
3003809823, 986.252441
3004811006, 986.456299
3005812243, 986.321289
3006813466, 986.326660
3007814682, 986.343018
3008815878, 986.218018
3009817094, 986.341797
3010818375, 986.305420
3011819619, 986.382568
3012820862, 986.348145
3013822112, 986.322021
3014823380, 986.404297
3015824639, 986.216309
3016825825, 986.291504
3017826981, 986.291504
3018828209, 986.299072
3019829476, 986.370605
3020830733, 986.306641
3021831955, 986.195557
3022833137, 986.344238
3023834293, 986.268799
3024835459, 986.262695
3025836776, 986.429688
3026838015, 986.323242
3027839311, 986.311035
3028840567, 986.331055
3029841777, 986.271973
3030843014, 986.232666
3031844655, 986.324463
3032845939, 986.377686
3033847184, 986.325439
3034848408, 986.334229
3035849631, 986.265381
3036850854, 986.096191
3037852066, 986.191895
3038855576, 2313.035156
3039858243, 986.220947
3040859463, 986.234375
3041860684, 986.404297
3042861915, 986.183838
3043863179, 986.366943
3044864358, 986.326904
3045865581, 986.307617
3046866794, 986.314697
3047868016, 986.328613
3048869231, 986.344971
3049870426, 986.368652
3050871650, 986.432129
3051872855, 986.396240
3052874028, 986.166992
3053875237, 986.489014
3054876453, 986.399658
3055877685, 986.316895
3056878933, 986.251709
3057880153, 986.462646
3058881343, 986.255615
3059882523, 986.292725
3060883710, 986.218750
3061884894, 986.299805
3062886130, 986.326904
3063887348, 986.310303
3064888553, 986.315918
3065889715, 986.236084
3066890920, 986.394287
3067892099, 986.234131
3068893319, 986.260498
3069894586, 986.413086
3070895835, 986.437256
3071897055, 986.293701
3072898283, 986.386475
3073899487, 986.418457
3074900738, 986.375977
3075901965, 986.351318
3076903228, 986.356445
3077904483, 986.422607
3078905729, 986.280029
3079906935, 986.436768
3080908114, 986.340576
3081909345, 986.310547
3082910558, 986.427002
3083911734, 986.442627
3084912958, 986.428223
3085914196, 986.348633
3086915441, 986.315430
3087916675, 986.424805
3088917920, 986.341064
3089919154, 986.328857
3090920386, 986.342041
3091921626, 986.282471
3092922874, 986.232422
3093924123, 986.251221
3094925334, 986.298096
3095926581, 986.343994
3096939633, 986.262939
3097940913, 986.301758
3098942173, 986.363770
3099943494, 986.269775
3100944708, 986.291504
3101945939, 986.286865
3102947171, 986.357178
3103948400, 986.247314
3104949630, 986.349121
3105950904, 986.349365
3106952154, 986.400635
3107953363, 986.359375
3108954644, 986.228760
3109955859, 986.323730
3110957044, 986.448242
3111958320, 986.312256
3112959528, 986.309814
3113960756, 986.306885
3114961999, 986.327637
3115963238, 986.343506
3116964507, 986.316162
3117965726, 986.341553
3118966911, 986.360596
3119968186, 986.399658
3120969416, 986.492432
3121970655, 986.356445
3122971879, 986.335205
3123973114, 986.347656
3124974347, 986.302002
3125975560, 986.316406
3126976758, 986.347412
3127977951, 986.259277
3128979197, 986.228271
3129980423, 986.301514
3130981660, 986.283936
3131982911, 986.361084
3132984160, 986.326904
3133985440, 986.315918
3134986760, 986.305664
3135987987, 986.256592
3136989214, 986.301270
3137990503, 986.240967
3138991710, 986.445068
3139992898, 986.396484
3140994086, 986.362549
3141995222, 986.285400
3142996397, 986.236572
3143997609, 986.392090
3144998809, 986.382568
3145999985, 986.442871
3147001212, 986.319092
3148002433, 986.355957
3149003644, 986.306885
3150004867, 986.352051
3151006115, 986.340576
3152007362, 986.383057
3153008582, 986.415283
3154009887, 986.344238
3155011196, 986.360107
3156012447, 986.236084
3157013716, 986.306885
3158015017, 986.355713
3159016234, 986.383057
3160017450, 986.384033
3161018666, 986.316895
3162019860, 986.314453
3163021087, 986.266357
3164022322, 986.292969
3165023549, 986.451416
3166024768, 986.332520
3167025957, 986.419189
3168027176, 986.272461
3169028478, 986.360596
3170029656, 986.378418
3171030854, 986.309570
3172032038, 986.325928
3173033250, 986.409912
3174034463, 986.451904
3175035686, 986.383789
3176036920, 986.295898
3177038145, 986.490234
3178039328, 986.283691
3179040503, 986.410156
3180041791, 986.425049
3181043066, 986.338135
3182044303, 986.361572
3183045532, 986.278320
3184046751, 986.410889
3185047941, 986.545898
3186049104, 986.480225
3187050398, 986.385742
3188051630, 986.376953
3189052847, 986.369873
3190054075, 986.450195
3191055308, 986.329590
3192056557, 986.441650
3193057871, 986.353027
3194059215, 986.504150
3195060463, 986.470703
3196061650, 986.366699
3197062826, 986.321777
3198064044, 986.489746
3199065242, 986.396240
3200066519, 986.362305
3201067795, 986.448486
3202069019, 986.474121
3203070298, 986.429443
3204071524, 986.481445
3205072763, 986.452637
3206074001, 986.479004
3207075237, 986.448975
3208076459, 986.416016
3209077690, 986.304932
3210078932, 986.442871
3211080168, 986.368652
3212081357, 986.338623
3213082590, 986.412598
3214083836, 986.351562
3215085028, 986.510742
3216086247, 986.410645
3217087404, 986.424316
3218088622, 986.299316
3219089753, 986.517578
3220090922, 986.450439
3221092075, 986.540039
3222093279, 986.361084
3223094520, 986.520752
3224095740, 986.426025
3225096869, 986.419434
3226098031, 986.379883
3227099121, 986.529541
3228100328, 986.492676
3229101495, 986.364258
3230102722, 986.438477
3231103919, 986.368896
3232105093, 986.473389
3233106189, 986.382568
3234107353, 986.397705
3235108446, 986.458984
3236109625, 986.541748
3237110766, 986.377686
3238111982, 986.403076
3239113123, 986.392822
3240114287, 986.275879
3241115377, 986.331299
3242116615, 986.335693
3243117831, 986.488281
3244118991, 986.393311
3245120175, 986.313965
3246121385, 986.490967
3247122531, 986.421143
3248123715, 986.400146
3249124806, 986.535645
3250125982, 986.403076
3251127152, 986.353027
3252128350, 986.306396
3253129620, 986.288086
3254130854, 986.371094
3255131998, 986.412598
3256133172, 986.515625
3257134258, 986.441650
3258135439, 986.428955
3259136580, 986.382080
3260137794, 986.424561
3261138918, 986.271973
3262140096, 986.452393
3263141196, 986.385986
3264142389, 986.416992
3265143478, 986.431641
3266144636, 986.351318
3267145810, 986.463135
3268147023, 986.304199
3269148150, 986.427734
3270149331, 986.404297
3271150424, 986.278564
3272151592, 986.486084
3273152752, 986.405518
3274153953, 986.373535
3275155169, 986.316895
3276156381, 986.544434
3277157531, 986.354492
3278158704, 986.468262
3279159791, 986.461426
3280160958, 986.430908
3281162093, 986.366455
3282163322, 986.406738
3283164472, 986.483154
3284165643, 986.422607
3285166728, 986.403564
3286167901, 986.391113
3287169001, 986.424316
3288170254, 986.410400
3289171989, 986.465576
3290173178, 986.453125
3291174279, 986.437256
3292175441, 986.358643
3293176548, 986.418945
3294177667, 986.387939
3295178764, 986.546387
3296179951, 986.268066
3297181165, 986.450684
3298182365, 986.485352
3299183475, 986.421875
3300184631, 986.477295
3301185762, 986.406006
3302186925, 986.408936
3303188084, 986.404541
3304189304, 986.422363
3305190448, 986.356934
3306191667, 986.474609
3307192763, 986.424316
3308193916, 986.421631
3309195011, 986.401855
3310196168, 986.472656
3311197375, 986.352539
3312198608, 986.413818
3313199713, 986.420410
3314200890, 986.420166
3315202022, 986.389893
3316203225, 986.282227
3317204343, 986.396484
3318205493, 986.377686
3319206721, 986.432617
3320207919, 986.420654
3321209015, 986.434814
3322210168, 986.468750
3323211261, 986.404297
3324212407, 986.436279
3325213560, 986.412109
3326214723, 986.379883
3327215866, 986.373779
3328217083, 986.366699
3329218179, 986.407471
3330219335, 986.410400
3331220435, 986.307129
3332221572, 986.321045
3333222769, 986.367188
3334223994, 986.427002
3335225136, 986.439209
3336226334, 986.471924
3337227427, 986.511475
3338228573, 986.516846
3339229672, 986.478516
3340230823, 986.404785
3341232041, 986.481445
3342233243, 986.536621
3343234374, 986.439941
3344235576, 986.587646
3345236672, 986.476807
3346237826, 986.404785
3347238961, 986.423584
3348240126, 986.461914
3349241256, 986.406250
3350242430, 986.423828
3351243530, 986.407715
3352244743, 986.401855
3353245844, 986.523438
3354246988, 986.515869
3355248185, 986.481201
3356249393, 986.422119
3357250528, 986.384033
3358251702, 986.446045
3359252751, 986.462646
3360253909, 986.397705
3361255002, 986.407959
3362256135, 986.507324
3363257275, 986.407959
3364258496, 986.398193
3365259632, 986.432373
3366260796, 986.355469
3367261904, 986.510742
3368263108, 986.528564
3369271086, 986.378174
3370272254, 986.430176
3371273383, 986.451172
3372274586, 986.481689
3373275716, 986.447998
3374277104, 986.419189
3375278199, 986.506592
3376279683, 986.393066
3377281149, 986.448975
3378282364, 986.361572
3379283575, 986.475342
3380284760, 986.381592
3381285942, 986.447021
3382287147, 986.564697
3383288313, 986.486816
3384289473, 986.516113
3385290693, 986.468994
3386291908, 986.464111
3387293127, 986.459473
3388294330, 986.488525
3389295533, 986.470703
3390296695, 986.402588
3391297807, 986.437988
3392298990, 986.371582
3393300278, 986.531006
3394301491, 986.443359
3395302700, 986.480713
3396303862, 986.400146
3397305007, 986.505859
3398306182, 986.326416
3399307343, 986.477783
3400308556, 986.407471
3401309766, 986.448975
3402310945, 986.459717
3403312101, 986.467285
3404313283, 986.481689
3405314442, 986.451416
3406315611, 986.305176
3407316781, 986.408936
3408317932, 986.464111
3409319137, 986.405762
3410320362, 986.386963
3411321531, 986.481934
3412322695, 986.411377
3413323891, 986.455566
3414325126, 986.487305
3415326443, 986.415039
3416327630, 986.580322
3417328804, 986.434326
3418329972, 986.495117
3419331125, 986.356201
3420332286, 986.282959
3421333428, 986.519287
3422334656, 986.529541
3423335881, 986.462402
3424337090, 986.502686
3425338304, 986.436768
3426339467, 986.353516
3427340616, 986.343262
3428341793, 986.398193
3429342965, 986.431885
3430344107, 986.308594
3431345281, 986.373047
3432346459, 986.349609
3433347668, 986.365234
3434348851, 986.415283
3435350019, 986.306885
3436351207, 986.450928
3437352412, 986.489502
3438353560, 986.416748
3439354734, 986.347168
3440355850, 986.444092
3441356996, 986.506592
3442358160, 986.484375
3443359301, 986.443604
3444360523, 986.414551
3445361753, 986.486816
3446362960, 986.497559
3447364172, 986.537842
3448365331, 986.534424
3449366478, 986.509766
3450367644, 986.413086
3451368820, 986.462891
3452369963, 986.412354
3453371143, 986.491455
3454372325, 986.546143
3455373511, 986.590576
3456374660, 986.447754
3457375856, 986.360107
3458377045, 986.455078
3459378249, 986.476807
3460379391, 986.541992
3461380563, 986.489746
3462381722, 986.321289
3463382936, 986.464111
3464384104, 986.535645
3465385247, 986.466553
3466386466, 986.412109
3467387679, 986.523438
3468388877, 986.542725
3469390082, 986.494141
3470391224, 986.375488
3471392387, 986.512207
3472393502, 986.506348
3473394667, 986.446533
3474395809, 986.450928
3475396999, 986.493408
3476398151, 986.443359
3477399266, 986.495361
3478400420, 986.472656
3479401579, 986.493896
3480402731, 986.351074
3481403963, 986.547363
3482405116, 986.334473
3483406332, 986.418213
3484407544, 986.406738
3485408705, 986.453613
3486409861, 986.568115
3487411031, 986.465820
3488412197, 986.559082
3489413405, 986.524170
3490414547, 986.520752
3491415715, 986.510010
3492416863, 986.475586
3493418076, 986.370117
3494419270, 986.510742
3495420490, 986.432861
3496421630, 986.543213
3497422836, 986.375977
3498424060, 986.535645
3499425224, 986.475586
3500426370, 986.541748
3501427570, 986.452148
3502428762, 986.573486
3503429975, 986.553223
3504431145, 986.454834
3505432317, 986.516846
3506433468, 986.342529
3507434628, 986.425293
3508435788, 986.495850
3509436961, 986.531006
3510438134, 986.510742
3511439344, 986.515381
3512440476, 986.511963
3513441652, 986.514404
3514442803, 986.517334
3515444023, 986.561035
3516445222, 986.543457
3517446436, 986.500977
3518447564, 986.315186
3519448772, 986.581787
3520449906, 986.359131
3521451088, 986.588867
3522452234, 986.561279
3523453390, 986.451660
3524454524, 986.430176
3525455770, 986.500732
3526456903, 986.532715
3527458122, 986.502930
3528459312, 986.432861
3529460482, 986.503662
3530461656, 986.467529
3531462814, 986.476074
3532463986, 986.511719
3533465195, 986.450439
3534466330, 986.540771
3535467531, 986.467529
3536468721, 986.416016
3537469887, 986.390625
3538471036, 986.499512
3539472267, 986.385010
3540473411, 986.390381
3541474596, 986.584717
3542475722, 986.430908
3543476909, 986.442627
3544478128, 986.445557
3545479325, 986.421631
3546480502, 986.452637
3547481699, 986.421875
3548482813, 986.543945
3549484003, 986.387695
3550485147, 986.482422
3551486323, 986.469238
3552487477, 986.547363
3553488685, 986.544678
3554490014, 986.429688
3555491203, 986.479004
3556492332, 986.561279
3557493553, 986.664062
3558494745, 986.505859
3559495948, 986.497559
3560497140, 986.544434
3561498351, 986.574707
3562499494, 986.570557
3563500717, 986.492676
3564501810, 986.568115
3565502961, 986.374023
3566504169, 986.415039
3567505335, 986.439941
3568506487, 986.511963
3569507714, 986.457031
3570508837, 986.510010
3571510057, 986.507080
3572511190, 986.520996
3573512388, 986.527588
3574513612, 986.474365
3575514810, 986.493164
3576516029, 986.562012
3577517228, 986.550781
3578518350, 986.583496
3579519554, 986.507568
3580520759, 986.500244
3581521931, 986.583008
3582523077, 986.519043
3583524298, 986.603027
3584525433, 986.485596
3585526643, 986.537842
3586527779, 986.595947
3587528993, 986.503662
3588530198, 986.531738
3589531362, 986.615967
3590532516, 986.610840
3591533716, 986.555908
3592534855, 986.496094
3593536065, 986.482666
3594537174, 986.545166
3595538328, 986.456055
3596539543, 986.449951
3597540734, 986.563477
3598541983, 986.466553
3599543197, 986.471924
3600544289, 986.537109
3601545430, 986.625244
3602546560, 986.657715
3603547756, 986.621826
3604548962, 986.543457
3605550258, 986.588379
3606551384, 986.552002
3607552589, 986.524170
3608553680, 986.589355
3609554828, 986.607910
3610556038, 986.500000
3611557261, 986.375488
3612558465, 986.576416
3613559663, 986.555420
3614560788, 986.564453
3615561989, 986.491943
3616563077, 986.540527
3617564243, 986.513672
3618565441, 986.452881
3619566639, 986.492920
3620567852, 986.591553
3621569057, 986.560059
3622570182, 986.486816
3623571391, 986.478027
3624572522, 986.549316
3625573730, 986.581299
3626574931, 986.475830
3627576146, 986.430176
3628577273, 986.558350
3629578488, 986.501221
3630579626, 986.474121
3631580829, 986.491211
3632581971, 986.485107
3633583163, 986.625977
3634584369, 986.529541
3635585584, 986.564453
3636586710, 986.612793
3637587918, 986.547607
3638589044, 986.593750
3639590292, 986.513916
3640591505, 986.491211
3641592704, 986.535889
3642593925, 986.557617
3643595123, 986.554199
3644596218, 986.635986
3645597366, 986.496338
3646598513, 986.638428
3647599738, 986.506104
3648600897, 986.591553
3649602062, 986.651367
3650603192, 986.604980
3651604397, 986.452637
3652605547, 986.605469
3653606751, 986.580811
3654607879, 986.540771
3655609066, 986.508545
3656610303, 986.561035
3657611500, 986.599121
3658612621, 986.547363
3659613793, 986.629395
3660614932, 986.549561
3661616126, 986.472412
3662617286, 986.558838
3663618432, 986.489990
3664619661, 986.566650
3665620878, 986.654785
3666622003, 986.520508
3667623203, 986.593018
3668624334, 986.572021
3669625539, 986.672607
3670626763, 986.628906
3671627994, 986.590820
3672629127, 986.431885
3673630383, 986.761719
3674631475, 986.504395
3675632628, 986.620850
3676633771, 986.549072
3677634988, 986.477783
3678636173, 986.672852
3679637379, 986.607178
3680638502, 986.694092
3681639698, 986.693848
3682640798, 986.525146
3683641949, 986.578369
3684643076, 986.558838
3685644272, 986.611328
3686645480, 986.540283
3687646687, 986.609863
3688647822, 986.595947
3689649032, 986.671875
3690650159, 986.534424
3691651367, 986.598145
3692652534, 986.645020
3693653704, 986.557373
3694654836, 986.620605
3695656044, 986.692627
3696657166, 986.664551
3697658360, 986.635742
3698659457, 986.598145
3699660607, 986.596436
3700661843, 986.624268
3701663058, 986.580322
3702664180, 986.582520
3703665420, 986.533691
3704666542, 986.579102
3705667732, 986.598389
3706668825, 986.643066
3707669972, 986.543945
3708671188, 986.509521
3709672390, 986.565186
3710673512, 986.504883
3711674686, 986.598389
3712675768, 986.627441
3713676962, 986.615723
3714678084, 986.643066
3715679296, 986.671143
3716680421, 986.647217
3717681601, 986.467529
3718682688, 986.568359
3719683881, 986.599365
3720684967, 986.586914
3721686109, 986.444092
3722687290, 986.598877
3723688498, 986.586914
3724689618, 986.598389
3725690786, 986.612061
3726691870, 986.705078
3727693065, 986.612549
3728694152, 986.676270
3729695299, 986.522461
3730696514, 986.700439
3731697707, 986.669434
3732698841, 986.461182
3733700041, 986.646240
3734701174, 986.659912
3735702374, 986.622314
3736703490, 986.548828
3737704704, 986.541016
3738705826, 986.561523
3739707018, 986.589844
3740708142, 986.609863
3741709327, 986.686035
3742710404, 986.604980
3743711610, 986.739014
3744712802, 986.549561
3745714002, 986.664551
3746715138, 986.547607
3747716350, 986.704590
3748717471, 986.642578
3749718661, 986.765869
3750719784, 986.527100
3751720967, 986.563721
3752722161, 986.623535
3753723376, 986.676025
3754724511, 986.618164
3755725700, 986.678467
3756726774, 986.562744
3757728432, 986.649414
3758730111, 986.725586
3759731289, 986.802002
3760732759, 986.611084
3761733964, 986.627930
3762735158, 986.594482
3763736365, 986.619141
3764737573, 986.517090
3765738752, 986.557617
3766739892, 986.491211
3767741094, 986.558105
3768742294, 986.685059
3769743504, 986.700928
3770744717, 986.698730
3771745914, 986.606934
3772747110, 986.682861
3773748268, 986.643555
3774749445, 986.685791
3775750667, 986.664551
3776751902, 986.663086
3777753112, 986.684814
3778754314, 986.682129
3779755524, 986.657227
3780756727, 986.735596
3781757955, 986.715088
3782759173, 986.636719
3783760352, 986.643799
3784761528, 986.759766
3785762736, 986.761719
3786763937, 986.639893
3787765146, 986.705322
3788766358, 986.573975
3789767560, 986.670410
3790768765, 986.686768
3791769937, 986.748047
3792771080, 986.628906
3793772287, 986.777588
3794773506, 986.721436
3795774665, 986.613281
3796775832, 986.650146
3797776971, 986.735107
3798778166, 986.788574
3799779344, 986.738525
3800780499, 986.721924
3801781710, 986.664795
3802782909, 986.705811
3803784126, 986.664551
3804785331, 986.769287
3805786537, 986.748047
3806787755, 986.780518
3807788974, 986.764893
3808790194, 986.708008
3809791388, 986.702637
3810792584, 986.823730
3811793795, 986.781494
3812795012, 986.841797
3813796210, 986.728027
3814797406, 986.620605
3815798620, 986.652344
3816799847, 986.706055
3817801113, 986.676514
3818802345, 986.775391
3819803482, 986.785645
3820804644, 986.767578
3821805750, 986.682861
3822806893, 986.646484
3823808071, 986.723633
3824809218, 986.762207
3825810429, 986.647461
3826811631, 986.692139
3827812844, 986.719482
3828814001, 986.716797
3829815121, 986.687988
3830816279, 986.638428
3831817439, 986.641602
3832818586, 986.641113
3833819788, 986.637695
3834820992, 986.678955
3835822200, 986.733154
3836823379, 986.763916
3837824501, 986.630127
3838825669, 986.710205
3839826872, 986.747803
3840828084, 986.672119
3841829239, 986.628906
3842830410, 986.756104
3843831557, 986.732178
3844832719, 986.598145
3845833868, 986.611328
3846835055, 986.698242
3847836292, 986.618896
3848837523, 986.745850
3849838658, 986.746338
3850839828, 986.722900
3851840974, 986.632324
3852842184, 986.664551
3853843367, 986.633545
3854844559, 986.680664
3855845760, 986.659180
3856846965, 986.736816
3857848173, 986.759033
3858849356, 986.734131
3859850502, 986.738525
3860851699, 986.671143
3861852883, 986.671631
3862854114, 986.714111
3863855258, 986.812256
3864856443, 986.657227
3865857589, 986.651123
3866858758, 986.643066
3867859911, 986.729736
3868861108, 986.645020
3869862334, 986.663818
3870863552, 986.739502
3871864693, 986.708008
3872865855, 986.623779
3873867001, 986.704346
3874868166, 986.699219
3875869334, 986.786621
3876870546, 986.540283
3877871756, 986.735840
3878872960, 986.579590
3879874097, 986.666260
3880875261, 986.640381
3881876457, 986.666504
3882877632, 986.635010
3883878766, 986.715820
3884880000, 986.675293
3885881125, 986.742432
3886882289, 986.764404
3887883450, 986.711914
3888884634, 986.681152
3889885781, 986.645020
3890886934, 986.719482
3891888095, 986.728027
3892889313, 986.645264
3893890453, 986.680908
3894891634, 986.573975
3895892791, 986.693848
3896893955, 986.719238
3897895111, 986.739014
3898896306, 986.721924
3899897532, 986.703613
3900898745, 986.635254
3901899879, 986.632080
3902901060, 986.645752
3903902220, 986.696533
3904903380, 986.729492
3905904522, 986.740723
3906905748, 986.769531
3907906886, 986.646240
3908908048, 986.742188
3909909142, 986.741699
3910910351, 986.598633
3911911520, 986.617920
3912912722, 986.702148
3913913997, 986.677979
3914915202, 986.605469
3915916338, 986.677246
3916917549, 986.687012
3917918769, 986.717773
3918920003, 986.715332
3919921196, 986.655518
3920922405, 986.662354
3921923611, 986.575195
3922924827, 986.648926
3923925935, 986.737305
3924927094, 986.744873
3925928296, 986.674561
3926929538, 986.596680
3927930735, 986.705322
3928931949, 986.688721
3929933086, 986.701660
3930934298, 986.633301
3931935431, 986.595459
3932936605, 986.598877
3933937759, 986.800049
3934938925, 986.727539
3935940106, 986.669189
3936941343, 986.677490
3937942482, 986.677979
3938943684, 986.748291
3939944893, 986.796875
3940946059, 986.751953
3941947215, 986.728760
3942948438, 986.668945
3943949650, 986.646484
3944950858, 986.585938
3945951996, 986.779785
3946953216, 986.758789
3947954436, 986.599854
3948955624, 986.703369
3949956786, 986.607666
3950957995, 986.728516
3951959131, 986.731445
3952960361, 986.720215
3953961470, 986.709473
3954962634, 986.672852
3955963839, 986.765381
3956965003, 986.823486
3957966176, 986.750488
3958967379, 986.619629
3959968491, 986.733887
3960969664, 986.568359
3961970764, 986.672119
3962971913, 986.708008
3963973110, 986.635010
3964974308, 986.637451
3965975520, 986.677979
3966976739, 986.717041
3967977867, 986.645996
3968979022, 986.540527
3969980248, 986.590332
3970981394, 986.635986
3971982606, 986.696777
3972983834, 986.705322
3973984957, 986.717529
3974986161, 986.723877
3975987255, 986.779053
3976988409, 986.729980
3977989636, 986.725830
3978990861, 986.709717
3979992085, 986.719971
3980993291, 986.712646
3981994422, 986.552979
3982995631, 986.758789
3983996770, 986.705811
3984997983, 986.633057
3985999190, 986.772461
3987000377, 986.671875
3988001574, 986.801758
3989002777, 986.693359
3990003922, 986.709717
3991005150, 986.605225
3992006291, 986.590576
3993007496, 986.744385
3994008685, 986.707031
3995009976, 986.682373
3996011115, 986.708740
3997012325, 986.639404
3998013454, 986.709229
3999014664, 986.748535
4000015896, 986.623535
4001017111, 986.729004
4002018341, 986.798828
4003019543, 986.773682
4004020678, 986.798340
4005021879, 986.723633
4006022973, 986.767822
4007024123, 986.737305
4008025346, 986.795166
4009026554, 986.842773
4010027746, 986.706787
4011028943, 986.717285
Failed to open the bus. 
