9869, 984.124268
110965, 984.085938
212058, 984.040771
313162, 984.183838
414257, 984.194580
515354, 984.190918
616449, 984.145264
717549, 984.133057
818643, 984.105957
919740, 984.135254
1020834, 984.129150
1121929, 984.142334
1223023, 984.128418
1324118, 984.293945
1425218, 984.320068
1526314, 984.193115
1627409, 984.203857
1728503, 984.151123
1829603, 984.135742
1930697, 984.089111
2031790, 984.071289
2132884, 984.042969
2233978, 984.036865
2335072, 984.149170
2436165, 984.068604
2537260, 984.022705
2638354, 983.981445
2739449, 983.983887
2840546, 983.959229
2941640, 983.991943
3042732, 983.907959
3145440, 983.915039
3246544, 984.005371
3347638, 984.037109
3448735, 984.027344
3549839, 984.000244
3650932, 984.046387
3752030, 983.972656
3853123, 983.960938
3954216, 983.969238
4055312, 983.958008
4156408, 983.979248
4257502, 984.080811
4358597, 984.113037
4459692, 984.036133
4560790, 984.011475
4661882, 983.981689
4762976, 984.020508
4864070, 983.960205
4965166, 983.971191
5066260, 983.971436
5167353, 983.949707
5268449, 983.998535
5369545, 984.118652
5470641, 984.006592
5571735, 984.028564
5672829, 984.022461
5773935, 984.012451
5875034, 984.001709
5976130, 984.031006
6077225, 983.961914
6178317, 983.974854
6279415, 984.145752
6380509, 984.116943
6481602, 984.062500
6582695, 983.997803
6683787, 983.958252
6784890, 983.926514
6885981, 983.899658
6987073, 983.915771
7088168, 983.842773
7189261, 984.232422
7290353, 984.265625
7391445, 984.119385
7492539, 983.990723
7593630, 983.983643
7694729, 983.854004
7795835, 983.841797
7896935, 983.676025
7998034, 983.593994
8099139, 983.574707
8201818, 984.167969
8302922, 984.105713
8404018, 983.975830
8505118, 983.830566
8606215, 983.609619
8707308, 983.480225
8808406, 983.303223
8909498, 983.154541
9010590, 983.009033
9111684, 982.831299
9212777, 984.075684
9313872, 983.916992
9414968, 983.791504
9516069, 983.470703
9617174, 983.364990
9718282, 983.093750
9819376, 982.872314
9920474, 982.668701
10021567, 982.336426
10122662, 982.083740
10223754, 984.060547
10324850, 983.831543
10425948, 983.569336
10527046, 983.407471
10628140, 983.139893
10729237, 983.018799
10830331, 982.726562
10931425, 982.593018
11032520, 982.403564
11133614, 984.078613
11234714, 984.088135
11335816, 983.938721
11436912, 983.811279
11538006, 983.606201
11639098, 983.488281
11740189, 983.373291
11841299, 983.250000
11942392, 983.166016
12043488, 983.108154
12144580, 984.031250
12245765, 983.946777
12346863, 983.946289
12447961, 983.706299
12549055, 983.634033
12650189, 983.463135
12751285, 983.229736
12852379, 983.172119
12953478, 983.053955
13054572, 983.005127
13155670, 984.026123
13258996, 984.034180
13360101, 983.747803
13461198, 983.614502
13562292, 983.455322
13663386, 983.308350
13764481, 983.129883
13865576, 982.974609
13966673, 982.919434
14067767, 982.745117
14168865, 984.031250
14269970, 984.006592
14371063, 983.762695
14472157, 983.700439
14573258, 983.620850
14674352, 983.497314
14775454, 983.534668
14876551, 983.480957
14977648, 983.385498
15078746, 983.268311
15179839, 984.215332
15280937, 984.136230
15382030, 984.107666
15483121, 984.140137
15584212, 984.183105
15685306, 984.130127
15786397, 984.160400
15887487, 984.106445
15988582, 983.938965
16089679, 983.876465
16190781, 984.269043
16291878, 985.060791
16392970, 986.937500
16494063, 988.081787
16595164, 988.841064
16696257, 988.557617
16797353, 983.954346
16898445, 981.951416
16999540, 982.400146
17100631, 984.165283
17201724, 983.092529
17302815, 983.278320
17403907, 983.166016
17505004, 982.958252
17606096, 982.921143
17707194, 982.850098
17808300, 982.793457
17909395, 982.734375
18010489, 982.642334
18111581, 983.756836
18212678, 983.818604
18315360, 983.794922
18416463, 983.861572
18517564, 983.867920
18618666, 983.947754
18719765, 983.888916
18820860, 983.981689
18921954, 984.060547
19023052, 984.133301
19124147, 984.080811
19225243, 984.187012
19326337, 984.337158
19427439, 984.392334
19528537, 984.531738
19629632, 984.541016
19730724, 984.689209
19831819, 984.764160
19932912, 984.800049
20034006, 984.836182
20135103, 983.990723
20236202, 984.049805
20337306, 984.039062
20438402, 984.083496
20539495, 984.103027
20640588, 984.135742
20741682, 984.178223
20842778, 984.206787
20943871, 984.174316
21044975, 983.858643
21146072, 984.052734
21247168, 983.971680
21348261, 983.988037
21449359, 983.955811
21550453, 984.044189
21651546, 984.040771
21752640, 984.035889
21853734, 984.012939
21954833, 984.090088
22055928, 983.866699
22157024, 984.022705
22258118, 983.979736
22359213, 983.978516
22460308, 984.046631
22561413, 984.016602
22662511, 984.028320
22763607, 984.052979
22864708, 984.121094
22965820, 984.115479
23066914, 983.919434
23168011, 984.036377
23269106, 984.008301
23371800, 983.906250
23472906, 983.927734
23574021, 983.999512
23675127, 983.981689
23776224, 983.922607
23877328, 983.978271
23978424, 983.982666
24079527, 984.103271
24180622, 984.178223
24281730, 984.119141
24382826, 984.095459
24483922, 984.114502
24585023, 984.088623
24686120, 984.093262
24787216, 984.076172
24888312, 984.102783
24989406, 984.025635
25090504, 984.124023
25191599, 984.146973
25292697, 984.027832
25393792, 984.008545
25494889, 984.050049
25595996, 984.016113
25697096, 983.987793
25798198, 983.960449
25899301, 983.955811
26000400, 983.948730
26101497, 984.063477
26202593, 984.036865
26303689, 983.938721
26404788, 983.898438
26505892, 983.963867
26606989, 983.867920
26708083, 983.855957
26809188, 983.812256
26910282, 983.894287
27011378, 984.096680
27112474, 984.162354
27213567, 984.063721
27314673, 984.077148
27415769, 984.033447
27516874, 983.980957
27617970, 984.033447
27719073, 984.012451
27820173, 983.960205
27921273, 983.995850
28022371, 984.020996
28123467, 984.149902
28224562, 984.097412
28325661, 984.055908
28428465, 984.047363
28529571, 984.041504
28630679, 983.908691
28731782, 983.936035
28832890, 983.898682
28933987, 983.875244
29035091, 984.340332
29136197, 984.201904
29237297, 984.128906
29338394, 984.050781
29439493, 984.092285
29540589, 984.202148
29641688, 984.206055
29742783, 984.276367
29843883, 984.312012
29944981, 984.061768
30046078, 984.204834
30147175, 984.228027
30248274, 984.175293
30349372, 984.180664
30450469, 984.217529
30551567, 984.295410
30652665, 984.286377
30753769, 984.267334
30854870, 984.367188
30955975, 983.956299
31057074, 984.103027
31158174, 984.067627
31259269, 983.968262
31360370, 984.051758
